1 22 4 17 1 5 1 0 1 1
1 21 8 10 1 4 1 1 1 1
1 28 6 8 1 5 0 1 1 1
1 35 7 9 1 11 1 1 1 1
1 88 1 3 0 10 0 0 1 1
1 25 4 10 0 5 0 0 1 1
1 36 6 10 1 11 1 1 1 1
1 25 14 17 1 5 1 1 1 1
1 24 10 17 1 4 1 1 1 1
1 26 4 12 1 6 0 1 1 1
2 47 5 5 1 8 1 0 1 0
1 35 5 9 0 12 0 0 1 1
1 33 3 18 1 13 1 0 1 1
1 36 16 19 0 9 1 0 1 0
1 38 14 25 1 3 1 0 1 1
1 38 12 25 1 3 1 0 1 1
1 38 12 25 1 3 1 0 1 1
1 41 2 10 1 15 0 0 1 1
1 43 11 25 1 10 1 1 1 1
2 68 8 9 1 13 1 1 1 1
1 40 13 19 0 14 1 0 1 0
1 40 7 19 0 14 1 0 1 0
1 40 7 19 0 14 1 0 1 0
2 50 9 10 1 13 1 0 1 0
1 37 2 17 1 18 1 1 1 1
1 45 3 19 0 16 1 0 1 0
1 39 16 25 1 4 1 0 1 1
1 47 3 17 0 12 1 1 1 1
1 42 11 13 0 8 1 1 1 1
1 44 15 17 1 19 1 1 1 1
1 44 15 17 1 19 1 1 1 1
1 44 9 17 1 19 1 1 1 1
1 50 2 11 0 12 1 1 1 1
1 50 2 11 1 12 1 1 1 1
2 55 2 10 1 14 1 0 1 1
1 50 4 11 0 12 1 0 1 1
1 50 9 11 1 12 1 0 1 1
1 50 7 11 0 12 1 0 1 1
1 50 10 11 0 12 1 1 1 1
2 55 19 19 0 11 1 0 1 0
1 47 6 17 1 14 1 1 1 1
2 55 1 9 1 23 1 1 1 1
3 75 7 10 1 16 1 1 1 1
2 51 7 10 1 13 1 0 0 0
2 53 9 25 1 9 1 0 1 1
2 61 9 19 1 9 0 0 1 0
1 39 4 23 0 4 1 0 0 0
2 51 14 18 1 17 1 0 1 1
2 57 8 9 1 14 0 1 1 0
2 68 2 13 0 14 1 1 1 1
2 56 5 25 1 5 1 0 1 1
2 57 9 9 1 14 1 1 1 0
2 55 9 16 1 9 1 1 1 1
4 92 5 9 1 11 1 1 1 1
2 57 3 25 1 6 1 0 1 1
2 64 4 10 1 11 1 1 1 1
2 58 10 25 1 6 1 0 1 1
2 57 22 25 1 6 1 0 1 1
2 57 21 25 1 6 1 0 1 1
2 67 13 19 0 16 1 1 1 1
2 67 3 19 0 16 1 0 1 0
2 67 5 19 0 16 1 1 1 0
1 49 3 19 0 5 1 0 1 1
2 63 2 18 1 18 1 0 0 1
1 42 9 9 1 14 1 1 1 1
3 79 4 10 1 11 1 1 1 1
2 66 15 17 1 17 1 1 1 1
1 43 2 9 1 21 1 1 1 1
1 64 10 17 0 22 1 1 1 1
1 44 6 9 1 22 1 1 1 1
2 56 25 25 1 5 1 0 1 1
2 67 2 11 1 12 1 1 1 1
2 72 11 11 1 10 1 1 1 1
2 67 5 11 1 12 1 1 1 1
2 65 10 17 1 17 1 1 1 1
2 65 10 11 1 13 1 1 1 1
2 67 10 11 0 12 1 1 1 1
2 65 10 11 0 13 1 0 1 1
2 59 13 19 0 5 1 0 1 1
2 59 14 19 0 5 1 0 1 1
2 74 14 14 0 12 1 1 1 1
2 55 4 8 0 12 1 1 1 1
3 77 14 17 1 14 1 0 0 1
3 77 12 17 1 14 1 1 1 1
3 96 11 12 0 11 1 1 1 1
3 98 4 19 0 22 1 0 1 0
3 81 2 11 1 11 0 1 1 1
3 86 3 11 1 11 1 1 1 1
3 86 8 11 0 11 1 1 1 1
2 60 11 19 0 6 1 0 1 1
3 92 2 8 1 20 1 0 1 1
3 92 2 8 1 20 1 1 1 1
3 85 16 19 0 6 1 0 1 1
2 79 8 8 0 14 1 1 1 1
2 85 2 6 1 22 0 1 1 1
3 81 14 15 0 5 1 0 1 1
3 85 25 25 1 7 1 0 1 1
3 88 4 19 1 13 1 1 1 1
2 96 5 9 0 19 1 1 1 1
3 102 6 9 1 22 1 1 1 1