3000000
3050000
3150000
3400000
3500000
3550000
3850000
4300000
4360000
4500000
4700000
4945000
4950000
4990000
5140000
5160000
5165000
5155000
5210000
5200000
5450000
5400000
5480000
5600000
5680000
5800000
5820000
5990000
6000000
6030000
6031000
6170000
6245000
6240000
6300000
6320000
6380000
6385000
6390000
6395000
6410000
6510000
6515000
6600000
6615000
6610000
6650000
6700000
6800000
6810000
6850000
6900000
6950000
6955000
7000000
7084000
7160000
7420000
7427000
7582000
7580000
7581000
7600000
7800000
8005000
8000000
8160000
8180000
8360000
8370000
8400000
8415000
8410000
8450000
8460000
8470000
8490000
8510000
8780000
8785000
8900000
9000000
9150000
9200000
9280000
9850000
9870000
10070000
10170000
10200000
11000000
11040000
11400000
11847000
12000000
12530000
12830000
13300000
14200000
15000000
